80144358
60023616
60020620
80189155
80154402
80223995
80094387
60021585
70068649
70298414
80022607
80062921
80017021
80149094
80058723
60025659
80144310
70288423
80201824
80223226
80127517
80062026
81010778
80233859
80185375
70107499
80100109
80036412
80994416
70123117
80201623
20254278
81035105
70100644
70004265
70170182
80157084
80202086
70002299
80182649
81047445
80150390
80176929
70261674
70171951
70124651
70215428
70158421
80190283
80231410
80115918
80203919
81052265
80136784
70259002
221126
70019628
70020937
80095867
80123740
80202088
80233299
80156950
80136456
80122232
70123116
80174280
80203782
70021551
80243408
80180544
80163294
80124724
80040104
80192136
80182650
80158543
70307594
70023426
80108445
70288490
80189208
80117944
80174364
80190149
80147401
80221850
80187301
80175829

80108595
70205136
70229045
80191555
80203742
80112565
80222099
80048476
80159877
80074163
70109894
70187710
80097036
80097603
80115875
81001058
81050519
80182951
81000861
80127991
80105677
80058485
80096782
70041773
80163193
70021631
80158390
70098297
70266995
80158376
81002313
80066800
80170943
80140617
80197480
70011216
80195886
20258084
80182447
80130528
60000208
80081274
70285632
80118487
80190101
80998331
80229034
80201829
80234200
80071318
80205087
80177302
70304979
70055855
80176532
70084229
80989867
80182651
80107735
60024022
80113667
80191988
70154942
80165083
81016326
70139073
80198592
80109489
70294757
80206884
80232700
81018239
81024731
80049277
80074824
80182623
80117445
70250212
70250213
80159880
80100944
70059993
70178256
60020720
80194394
80022613
80130524
70303287
80233025
80127993
81013509
70290904
80994443
70077718
80211134
80203996
80203998
80203997
80205231
80204117
80204119
80204118
70131172
70012593
80115928
80990126
80119073
80157113
60022314
80236167
80105030
80188902
70308046
80100906
80988931
80112360
80122193
80201626
60034483
80085017
70248258
80175151
80158388
60021636
80007777
80241689
81000011
81016044
80195433
70087585
81003984
80080159
80986845
80049177
70233166
284890
16914787
80198350
81024712
80232404
80109640
80111818
80116939
80135631
80227478
80135586
60020862
80135278
80091779
70166139
80998943
80195273
80241763
81033201
80148178
80002667
80017262
70154622
80243899
80121973
80203778
70143867
28363298
80098475
60023679
80141982
70285674
80147321
80067527
60003598
80163279
70303290
80131435
70118227
70034607
80172938
80189853
80122234
80122192
80122236
80234204
70082633
80234205
70099129
80203781
80141254
80141781
80015280
80141253
80039907
70184127
80195274
80190130
70072636
80185305
80095879
70155536
80049800
80224358
60024962
81045989
81045990
70059483
80108207
70043231
80234206
70115621
80239442
80095878
81002212
80222896
80999059
80165848
80191963
70053833
312525
80241966
70140363
80114007
60021911
80080247
80057884
80145533
80148070
80123744
80145361
80244246
80175623
80097604
60000701
80190585
70230412
80097532
80126507
70211475
80128277
27828200
80230621
80230623
80157752
80174617
60010171
80081276
70295762
70268189
70309241
80085521
80157177
80174097
80071346
70018658
80147934
70213130
80192327
80220783
80217333
80103624
80156992
80144276
80988191
70053832
80179907
80103579
80237224
80133781
80126670
60029558
70068739
60020762
80122188
80198933
80165849
80108610
80164145
338384
80190180
70213473
80082210
80232149
80083261
80048561
80174220
80194033
80103336
80079473
81016323
80094386
80202089
80133335
80103375
80233088
80195653
70234567
80091783
80182950
80099584
60020719
80994575
80136417
80013547
80125731
80227777
70153691
80124725
80192065
60029461
80019069
80137087
80090370
80244601
80088982
60021241
80234794
80081753
80039595
80158389
81024726
80238299
80994418
70216830
60036112
80192577
80096726
70123120
80222044
81037986
70058009
80226357
70275774
80149823
60029770
60030293
80176931
80994424
80106144
70139072
60029988
80139214
80084756
80200768
80112891
70007667
80097814
80243488
80202454
80039422
70052249
81045085
80174205
80192548
80098473
60026106
80155812
80161444
80122237
80144770
80107077
80207371
80155909
80043047
80185369
70271601
70248183
80081152
80239865
80017442
80106150
80215500
70276015
80192135
80065146
80002999
80201610
80201820
70180045
80988897
80116206
80068219
60011064
80126211
80142023
80084666
80222217
70269429
80229417
70000357
81009818
80107656
80100846
60036613
70181650
80103210
81002601
80133315
70118801
80164752
80103478
70266352
80243787
60031713
70121092
70301619
70057980
70258232
70055673
80175914
80126995
401950
80187019
70135643
60026133
80116626
81014811
70028016
80196044
80083643
60022993
70117040
80157075
80087627
80184662
80116208
70035014
80044126
81018141
80201612
70122120
80994423
80041337
70275751
80201813
81004459
70111466
70266069
80136793
80044266
80124726
70278879
80186460
70184052
70051245
80219180
80203789
70189475
70041161
80135837
80126565
80126543
80180711
80027772
425166
80233664
80170870
70112370
426229
70229514
81018003
70296439
80102562
80182338
70272727
80114500
80095870
80195740
80198585
80125729
80101401
24003701
80236278
70075478
80198011
70113306
80105472
60022335
70299902
70274336
80115017
80201619
80127440
80027841
80155933
60022336
80115101
70113305
80106038
81006356
70117122
70084775
70094924
80102266
80180601
70114588
80180080
80160516
80988966
70079026
80131128
70032123
80032472
80118732
80194184
80171452
80049285
80988239
80214581
80998939
70185139
80029520
80998959
81004932
80064383
80998960
81030198
80174962
80103372
80117714
70230138
70291076
60004069
70101197
80005325
70279935
80065909
80990221
60001454
70023508
80027824
80998941
70295183
80178882
80157275
70244998
70251157
80157244
60037500
81016330
80108570
80197427
81050192
81029611
80150314
81008283
80046599
80108430
80015346
60036617
80201490
80989475
70040999
81024703
80107575
70018000
80133284
81045065
80011612
80142450
80210147
81018233
80203792
60020610
80201814
80156941
70181653
80153271
80990725
80183198
80115297
80158482
80127992
70213183
80047032
80111425
80150014
81016318
81026453
80106145
70291093
80194320
80190449
81000207
70254851
80133139
80159897
70113078
80138681
80049095
70175670
480318
80206908
80244485
80116309
80118346
80006212
80213341
81023671
80140939
70259774
70284442
70284439
70284440
70284441
70284443
70284444
70284445
70284446
70286212
70287001
80136450
80114498
81017228
80224476
70104637
80113129
70157434
80133190
80133283
80232400
60022337
487058
80118876
80214580
80164077
70300241
80223136
70119410
70056416
70293662
80241824
80004762
80198142
80202087
80111650
80002857
80157276
70270978
80084454
70109889
70235172
81024716
80166472
70111162
80235141
80067250
70207411
11819434
80122189
80080768
70224969
80162210
80125981
80192137
70303289
70276712
80131194
80126877
70041197
80216315
81016322
80205088
80018215
70108579
70011067
80100771
70147373
80048200
80205442
80989891
28368939
80225783
81040405
70089216
80190021
80136786
11519851
80176707
80114377
81029634
70299749
80185765
70198116
80198493
80190025
80125565
80017168
80136785
81017230
70098886
60003633
60022055
80085438
80082187
80142474
81021945
70143743
80128124
70270273
81025884
80988994
80116569
70234673
60020915
80074119
80097516
70074586
70139385
70116024
70228176
80082657
70305907
80114499
80057278
80229216
80058851
70138871
81016317
80017111
80245059
80111273
80074111
80122235
80989051
80225232
80994130
80010758
81016328
81016327
70035037
70157420
80103673
80203788
80180851
80991773
70216230
70219528
80184972
80002073
80245706
80091219
70289325
80002074
81045515
81045517
70116686
60025552
70307663
80176319
70296765
80136453
80232279
80989055
80145625
80170875
80082989
80157297
80122238
81018234
80165851
70111280
80078965
70215437
80193614
80031716
80119375
70065112
80104103
70056447
80113701
80191344
80126185
80136790
60000575
60003221
80201825
80224540
70294790
70241088
80989084
80199013
80227959
80158516
11580331
80133543
80160183
60004240
80145515
80141788
80153778
80124947
80195836
70204989
80092436
80990815
70063017
80208052
70139074
80032474
80201604
81047898
80108975
70303432
80192420
81038832
70090001
80190012
60003401
570427
80204395
80190946
80224605
70045641
80140490
80126212
70012606
80191370
80032476
80167491
80201611
80195431
80234212
1020619
80078034
80118486
81033895
80021984
70127589
60004073
80147529
80989161
80989176
80130525
60010428
81028939
80185427
80156763
80012888
80990532
80127506
60000677
80188423
80126153
70041457
80145604
70155551
80084834
80094578
80107948
81017545
80171916
70229044
80989192
81025126
80986993
80191109
80176819
70138498
80173481
70303424
70157402
70254349
70305043
80185928
70229774
70170181
80125593
80243848
80998560
70111233
80119311
70082381
80176179
80014870
80221733
80999990
80999991
80999989
80990816
80187055
70041931
80176840
70180387
80121838
1179836
81019924
81003058
80210887
70298728
70301529
80074904
80225696
70094780
80233024
80190144
80178836
80115874
80186965
80194197
80158769
80170999
80108147
60029366
80202905
60035870
80074065
80171439
80206691
80218939
70141511
70049619
80177775
80087347
70307659
80097726
70254342
80196931
81027106
80015777
80007017
80241561
80236279
80211454
80101901
80058248
80158838
70139071
80039909
80232294
80232295
70138803
70285853
60003624
80130987
81026475
80189586
70278877
70103762
80116691
70251818
80103373
80140938
80097071
81036061
80136788
80156857
80157528
80111881
80113781
80161850
80073593
70001550
70060918
80225907
81033650
81025403
80014755
80106146
80185065
80189451
70044485
80025273
81032812
80156858
70153374
70018936
80097497
80108996
60000545
70305895
70114303
81009823
80173176
70048905
80235957
80081705
80113894
70000105
60020842
80136455
80201614
80223227
70103660
80223195
60010508
60010511
70136141
80198810
80157086
60032541
80105183
80106762
70259177
80098705
80098704
80141892
81002592
80028360
80091267
70042711
80117401
80164142
80191989
80098202
80989491
80989490
80032473
80084838
80213457
81034099
80990829
80158588
80121872
80185766
80994805
80095198
80145620
70292988
70261273
80169755
80989341
70090035
80102139
80182492
80116351
80989539
60026345
80115844
80989492
80989493
80227121
70242331
60023559
70219529
80171972
70157375
80989494
80228146
80996056
70281117
80222664
80098286
80226711
80151356
81024713
80999072
80236906
81018241
80098291
80162136
80101466
81016324
80133044
80112186
70169918
80998562
80227673
80211135
70229040
80235958
70117268
80187684
80238296
80191561
80185297
80131281
70109884
80131374
80082207
81015524
81014647
80134279
70286309
80234216
80198012
70105099
70083809
70250364
70053885
80067906
70243450
80994573
80201810
80145516
80013283
70210484
80214621
60035877
17969262
80229102
80122240
81024696
70303428
80158480
70056059
80235139
668288
80223317
70264802
80164088
80103392
80106747
70110894
80049273
22591450
70107530
80159925
80100261
70233895
80195637
80171133
80007015
80010414
70139383
80209535
80095871
80199128
80156137
80160391
70087160
80079229
70125882
70101039
80198912
81036745
80163407
80119102
70285854
80184154
60010559
80100053
80182483
80182596
80182482
80182597
80182621
80182480
80182622
80182481
80201606
81018240
80170301
80998563
70123121
1193180
80038961
60002111
70251799
70012334
70197328
80047124
80160504
80136787
80095365
80998985
70205672
70284279
70241607
80182603
60026206
70285947
81041182
22500062
70098896
80158481
80201608
80098047
684660
81021633
80232239
70140511
80025702
70285729
80115030
81020973
80014727
70245166
70276008
80154681
70204316
70116679
80136454
80144454
70234767
70140451
70157187
70124331
80200655
80998564
70266686
80013773
70114304
60033227
70228154
80226333
81038575
70271592
80162248
80063709
80126599
80169350
70207416
70129457
70071832
80156926
81024730
70121520
80184595
80097263
699938
80101970
80105690
81045765
80156110
80083330
70263817
70117225
80108447
80125726
80106036
70065119
80245190
80197953
80232964
70140407
70213215
70039225
80078037
80241537
80241616
80157566
60011224
80182704
80152182
80162192
80166481
80007259
70108180
80101826
80191219
70046213
80187772
60027248
81025156
80239631
60031259
80205314
712990
60021613
60004480
60004484
60004483
70038796
80106737
70125553
80190013
70283173
70234690
80182705
80038704
80138504
80989495
70266801
81033200
60001208
80216146
80105698
81013710
80112079
80106611
80112077
81016338
80154508
70087538
80104148
80986896
80121845
80233050
80126684
80112075
80990811
70303291
80993088
80184684
80111917
81037985
80028357
80157078
80148967
80184358
80099974
70057519
80171527
80192064
70121519
80149102
80111710
70040076
70278932
70050576
70229042
80203249
80016443
80994425
80221637
80234223
80203783
70021129
80184803
60029191
80163277
80046144
81002214
80122191
80121873
80100946
80235325
80120301
80232965
80232876
80182652
70114589
70000196
70042756
19207412
81018235
80163293
80058984
70290884
81035109
70050434
80192139
80234224
70092585
70254522
80108366
80088085
80995044
80191295
80198987
80245519
80015794
80239642
80108553
80133200
80187618
70084408
80158545
80218784
80218783
80124727
80127464
70205147
80113676
70273401
70304914
80169349
80131436
80200944
80227689
80158515
70286564
60000298
70205149
80232293
80108303
80108302
80108217
80108218
80217436
80239988
80224466
60037507
80039906
70234687
80234225
70001081
80993656
80201816
80183089
80188834
80131434
81018236
70129108
80201618
80994646
80183088
70003212
80988048
60024046
70136075
80209796
80075729
70177692
80224314
81025935
80998568
60029032
80176842
80014906
80117080
70102561
80229286
81045060
80166471
80245329
70309341
70128225
80165853
81004458
70275588
70118796
70157180
70213235
70184128
60004076
80166434
70279934
70091304
70126930
80234226
80145518
80157207
80231523
80064235
80998565
81026478
70146869
60028384
80233402
70299301
80216271
70020736
80117596
80113839
80113840
764604
80158044
70243017
80126214
80108494
80125395
80105358
80163368
765967
81029905
60023251
70064726
70281025
80220676
80104257
80072655
80116687
80142617
70180070
80085567
80027979
80236359
70118860
80017240
70213237
80236357
80237311
70118859
80236356
80236778
80236470
80062471
80988173
70266670
80201605
70256512
80021985
80118092
80191000
80044908
80118824
80169736
80089010
81024704
80136794
80182653
70213239
81026343
80189033
80104706
80195434
81029971
80130527
80204460
80060037
60036222
80092870
70229047
70013749
80156939
80127503
80165857
70106268
80201607
80201621
80127520
80039594
80191560
60011265
80223049
70229555
80116376
80195652
80111556
80131505
81035103
80195432
70098608
81002211
70067230
70132313
70213515
70118125
81019224
70215462
80197680
81030026
80198850
80162114
80113776
80176260
80025266
70090007
80206861
80014865
81033645
80170688
80116156
70154408
80991570
80999987
80195380
80106365
80173925
80128275
80157457
80998566
80158649
81011973
80190103
80168052
80220677
70062158
80117240
70026431
81024729
60001541
80192063
81057249
80106754
70291638
70129178
80998558
80032477
80037072
70293672
81024711
70297085
60010709
80148227
80198010
70044752
80130963
80141110
81062853
80020037
80206732
80039905
802695
70298201
70061282
80163405
80158801
70098899
70084792
80153226
70221672
70154957
80223230
70153680
80083127
70139076
80113783
80085019
80076161
80223728
80098842
80208084
80992231
80239864
80216269
80157567
70259170
81035104
80102549
80075227
70136112
80114788
80108773
80118289
80999983
80999984
80188354
80091410
80169778
70274810
70020790
80187188
80990810
81014988
80130522
70197049
80179244
80154294
80165732
81016045
80216270
81008272
80195807
80201823
80195639
70157308
80182216
80201060
80142222
70251160
80106438
80116920
80222823
81015994
80202532
80998567
80191559
80143796
80106763
80209120
80089684
80141185
80039439
70251819
70224476
70298918
70298919
80116692
80216281
70109758
81002215
70123126
81039045
80994419
80106265
80180651
80109488
70037497
81045052
80999986
80191556
80234232
81042978
80052790
80156318
80094725
80202078
60002808
80033866
80996199
80059049
80994426
81047446
70241754
80236574
80095874
80177808
70176967
80214582
80988257
80117619
80989498
80994574
80017301
80074515
70125939
70234512
81025908
80102950
70217140
80198013
80163366
80125291
70205162
80124096
80200596
80163530
80106984
70303495
70094793
80201812
80234233
60000722
80228321
70142798
81035108
70153765
80106364
858058
80092732
80999060
81030762
60032008
80185153
70303429
80238294
80195377
80011012
60032129
80225855
60004419
80235766
80235767
80235853
80236099
80998407
80156336
80070050
70209240
70291608
80201620
80092424
80989443
70208233
80219019
80235135
70298433
80175277
80187471
80144309
70213083
70213082
70213081
70213080
70213078
70213077
70213076
80092837
70213075
70213074
70213073
70213072
80201828
80198014
80174094
80118539
80201609
80201811
80154638
80198687
60010795
80998058
70157296
80174149
80158546
70134539
80208115
80213590
80108846
80141897
80201497
80200614
70128947
80986918
20257393
80994754
81016043
70256936
80234235
80989503
80209061
60037397
80032364
70299747
80094662
81052279
70044605
80234236
80198015
80122239
80156940
80156226
70212989
81003033
70281024
80156936
80160597
80127600
81022683
80108844
70295170
80229190
80995073
60020977
80194228
70267729
80121871
70096752
70229046
80131376
18962458
80223228
80138469
70114484
80187107
17457962
70303431
80102162
80201613
70301553
80200767
80122233
80238298
81014824
80122186
80116690
80186261
80109248
80108997
80108998
80116364
80186097
80244539
70298498
80194063
1191424
70140428
60010818
81018237
80025276
80082793
80134078
60029917
81024717
70056432
80163265
80998942
80194061
70171957
80226236
80126440
80132601
80126483
80127001
80182751
60023682
80057242
80064516
905456
80170259
80118718
80124728
80192062
70286698
80989468
80990814
80057400
80180847
80203784
80234795
80203786
60028308
80059047
70039231
70298452
80047684
80103201
81024500
80166308
60029995
80032097
80083753
70278876
80179387
80216268
80990581
70229043
80998958
80064378
70224480
70222228
70222229
70222227
80117233
81047900
60003540
80245518
70001082
80175333
70185034
80195381
70059988
70137744
80022395
80158770
80084767
80081617
80207879
80087348
80182105
70243574
80118179
70116577
80158479
80234238
80017038
80234239
80124890
80233188
60004393
70026468
81045512
81045513
80198914
81018238
80238291
80115295
80205313
70116578
80201819
80016471
80046145
80992500
80141338
80203787
80115858
70121660
80994420
80986955
81024701
80122190
80238400
80180449
70254351
80156684
70305973
80989848
60033351
80224088
80100845
81035107
80165481
70038251
70253160
80036165
80094183
80192138
80104111
80988154
80091781
80151355
70215459
80197931
80095314
70298996
943973
70142803
80245408
81016339
80108560
70079262
80999610
80222538
80013278
80081958
70170051
80074152
80200989
80119382
70275076
80016335
80125723
80202908
80202906
70184207
70244982
80084164
70065769
80100122
80171530
70286992
70132340
80023853
80039125
70099702
80191558
80140359
80156938
80201616
70215460
70118378
80226217
80109194
80163060
80207446
60020895
70121518
80136796
80238637
80188777
80992499
80207447
70243447
70067266
80165442
80189997
80238292
80244078
81012943
80158168
80119379
966131
80989496
80153272
80117526
80227819
80158547
70105366
70298393
70217385
80112409
81002864
80163369
70221486
81002866
80989473
80989474
81035616
70073700
80099089
80994807
80134513
81017229
80095873
80119516
80119378
80119345
80119436
80119346
80119376
80119377
80119526
80119525
80106162
80148927
80102617
70034610
80020885
80183197
80157134
18022077
80238293
80197699
80111683
70147381
70303706
81015100
80182654
70035015
70265771
80169494
80001086
80158803
80157972
70259466
14606062
70017761
70076484
80159899
80021849
80204739
70127998
80124506
80203206
80080727
70268449
80191371
80182955
80139728
70153301
80153203
70242966
80133327
80167667
80096630
80100407
80156859
60024037
80048481
80114700
70221086
60003974
80239738
25999349
80999985
80073432
80076581
80102160
80206827
80093836
80113144
80102916
80210681
70090014
80221242
80174512
81031355
80198001
80184568
80211787
80989513
80126875
80075009
80158839
81013200
80190518
70105236
80137806
80202909
80201617
80195271
81025195
80023851
80989337
80200679
81016321
81047899
81047901
81006598
80141259
80998940
80091572
70019491
80228923
80044564
80044687
80171424
81028345
80180071
80114989
70279440
70018715
60001670
80075876
70296343
70171835
80195638
70117294
80162994
70044894
80202090
81052277
60010972
80015283
80194240
70051249
80025382
80127504
80198423
70134669
80207448
70033285
70219484
80092423
70139078
70050440
70298491
60022416
80999068
60024028
70229041
80076213
70279201
80185048
80203790
80048671
80118613
70236586
70229048
70187503
70289304
70142357
80154884
80994421
70292836
80142529
60027016
80101609
70224481
1038510
80091778
80085416
1042189
80097606
80136789
60001068
80108573
80220692
80152802
80141767
81025404
81002213
81045509
81045510
70298389
81045530
80201815
80136452
80184208
70202128
80200913
80148210
80053476
70146881
80234243
80204405
80108561
81045511
80191990
80157714
80023687
80174093
80174355
70301023
80131375
80209042
70224751
80094385
80158817
80156337
80156538
80200946
80095224
80039379
81029570
80238190
80150167
70252898
70142888
80190195
70295176
70135621
60035641
70128549
70218312
70307648
80098490
80999061
80057509
80011025
80136792
80201827
70257618
80988221
80125046
70005124
80029943
80058476
80127996
80157390
80157488
80238295
80201622
80236280
80198016
80022611
80180619
80132626
80195272
80108847
80989549
70062903
80993685
70139542
70309191
80158391
80224161
80157392
80234244
81000000
80068016
80057068
80090724
80986933
80163266
80118978
80220145
80195379
80993106
80037675
80989579
80227798
80108451
80157645
80156560
80224463
80183063
60029203
80104993
80234245
80228282
80180224
70184126
70019052
60004485
80170280
70116702
70309457
70112721
80158226
81045054
18171608
80159566
80155792
80201822
80215507
80174384
80150181
70267399
70225597
80145512
80989596
70262862
80194387
80186393
80171289
80170186
80186095
80127441
80994572
80191557
80175275
81025088
80187467
80203780
80163430
80108974
80990813
80233447
70123119
70158228
70212574
70227904
70234688
70234689
70227912
80125724
70148125
80989613
60034861
70253238
80103492
80095069
80095868
80126566
70260523
60020675
80156856
70150437
80088983
80141337
80049952
70267587
80191885
80223190
70083109
70108590
81029926
80146805
80126879
80162131
80141033
80998837
70259258
80189209
80165856
80084667
70210431
80036822
80194335
60011553
81016342
70123118
80108267
80111845
80182666
80127442
70299275
70251219
80245121
80994804
70209174
70174741
80188348
80211540
80088321
80200499
80029622
80200611
80107826
80173770
80145520
80173773
70278880
70033317
80095875
80125662
80061228
80179245
70199739
80173524
81026477
80156369
60020624
80108386
80124486
70125935
60021903
80157132
80211371
70114043
80123567
80111275
81024728
81020576
81002594
81002596
81002597
80157864
80106136
80237975
80238351
80225953
80998966
80223734
80171696
70215461
60003970
80218432
80031644
80109038
80157717
80234248
70099118
80020759
80201817
80203785
80087078
81024705
70185141
70146846
80993648
80010524