70116024
70136112
70136122
70136128
70136135
70136140
70136152
70140358
70140363
70140425
70140438
70140450
70140457
70142436
70142441
70143811
70143823
70143830
70143836
70143860
70143867
70148125
70153374
70153385
70153404
70155543
70155547
70155551
70155567
70155610
70155618
70157302
70157402
70157420
70157434
70158329
70158330
70158331
70158332
70166091
70171942
70171951
70172485
70175633
70175670
70177034
70177040
70177689
70177692
70178217
70180057
70180070
70180088
70184126
70184207
70187741
70195800
70196153
70197048
70197049
70197061
70198116
70202579
70202589
70202600
70202899
70204955
70204970
70204981
70204989
70207411
70208521
70210884
70211391
70211484
70212989
70213074
70213075
70213076
70213080
70213112
70213130
70213183
70213235
70213237
70213238
70218316
70219642
70221086
70221348
70221673
70222862
70222873
70225722
70229514
70230412
70230417
70234439
70234440
70234488
70234499
70234567
70234673
70234741
70235731
70235760
70236561
70242310
70242311
70244998
70245163
70249772
70250398
70251157
70251160
70251219
70251816
70251819
70252973
70253240
70254851
70258232
70258489
70259338
70259568
70259782
70259784
70259793
70260350
70260594
70264078
70264612
70264888
70266352
70268189
70269388
70269429
70271773
70272479
70272727
70272742
70272998
70273371
70276033
70278879
70279188
70279656
70279824
70281323
70281343
70281562
70281600
70283260
70283261
70285368
70285632
70285785
70285853
70286533
70286564
70286808
70286901
70288468
70288470
70291076
70291366
70293417
70294113
70294800
70297144
70297439
70298341
70298728
70299043
70300066
70300496
70300626
70300800
70301529
70301553
70301578
70302573
70302614
70303287
70303289
70304245
70304246
70304718
70304979
70305043
70305883
70308105
80000063
80000770
80000933
80001101
80002479
80002537
80002566
80002612
80003196
80005529
80005753
80005756
80005874
80006212
80006943
80007225
80007912
80007945
80008257
80008434
80008583
80008939
80009361
80010655
80010758
80011206
80011539
80013799
80014749
80016571
80017537
80018046
80018294
80018987
80018988
80020540
80020971
80021955
80022276
80022456
80022632
80023612
80023876
80024057
80024077
80025172
80025273
80025276
80025382
80025384
80025494
80025553
80025601
80025678
80025744
80026032
80026224
80026226
80026506
80027158
80027159
80027772
80027841
80028239
80029103
80029432
80029520
80029742
80029820
80030346
80031632
80031716
80035480
80035684
80036165
80036407
80036412
80036416
80037129
80037176
80037177
80037278
80037484
80038704
80039054
80039813
80039907
80039909
80040104
80040330
80041601
80042177
80042307
80042371
80043576
80044908
80044950
80044965
80045203
80045811
80046193
80046249
80046348
80046599
80047032
80048100
80048476
80048477
80049065
80049277
80049714
80049800
80049870
80049872
80049928
80050007
80050008
80050063
80051137
80053653
80057171
80057281
80057506
80057609
80057610
80057611
80057749
80057883
80057968
80058427
80058852
80061360
80062112
80062921
80062985
80063599
80063641
80063658
80063989
80064235
80064378
80064383
80065146
80065182
80065491
80066227
80066429
80066800
80067250
80067527
80067618
80067942
80073289
80073432
80074119
80074152
80074249
80074503
80075595
80075820
80077417
80077977
80078197
80078965
80080247
80080436
80080727
80081170
80081537
80081705
80081753
80081754
80081863
80082107
80082160
80082989
80083261
80084447
80084797
80087078
80087347
80087348
80087548
80087965
80089560
80090370
80091245
80091341
80091742
80091778
80091779
80091781
80091783
80091872
80091880
80092415
80092436
80092654
80092732
80092878
80092926
80093829
80094260
80094273
80094386
80094387
80094557
80094603
80094728
80095241
80095299
80095411
80095435
80095532
80095626
80095649
80095697
80095698
80095699
80095815
80095866
80095867
80095868
80095874
80095878
80095879
80095900
80095988
80096545
80096763
80097034
80097036
80097140
80097141
80097248
80097532
80097594
80097608
80097726
80097771
80099584
80099656
80100106
80100172
80100846
80100929
80101401
80101826
80101901
80102160
80102162
80102200
80102266
80102549
80102562
80103318
80103331
80103417
80103470
80103624
80104198
80104622
80104950
80105030
80105452
80105699
80105933
80106136
80106265
80106469
80106774
80107369
80107990
80108159
80108267
80108366
80108373
80108450
80108494
80108495
80108561
80108773
80108844
80108846
80108847
80109194
80109399
80109415
80109535
80109536
80109640
80111273
80111373
80111374
80111650
80111683
80111710
80111818
80112079
80112916
80113037
80113090
80113201
80113227
80113612
80113627
80113641
80113647
80113701
80113776
80113839
80114225
80114499
80114855
80114987
80114988
80114998
80115112
80115295
80115297
80115328
80115338
80115341
80115346
80115347
80115432
80115671
80115676
80115875
80115918
80116208
80116364
80116376
80116569
80116626
80116687
80116692
80116839
80116922
80116939
80117038
80117498
80117540
80117545
80117551
80117552
80117554
80117555
80117560
80117748
80117809
80117902
80118092
80118100
80118289
80118346
80118486
80118613
80118876
80118913
80119073
80119125
80119145
80119381
80119382
80119411
80119426
80119451
80120200
80120485
80121349
80121845
80121871
80121872
80121873
80122179
80122188
80122189
80122190
80122191
80122192
80122193
80122232
80122233
80122234
80122235
80122236
80122237
80122238
80122239
80123567
80123729
80123792
80124091
80124522
80124711
80124949
80125046
80125291
80125593
80125662
80125731
80126024
80126153
80126185
80126211
80126212
80126566
80126646
80126875
80126877
80126879
80127464
80127992
80127993
80127996
80128096
80128124
80128686
80128756
80130696
80131128
80131415
80131479
80132792
80133042
80133187
80133200
80133311
80133335
80133781
80134078
80134093
80134440
80134695
80135278
80135414
80135587
80135640
80136149
80136311
80136450
80136452
80136453
80136456
80136784
80136785
80136786
80136789
80136790
80136792
80136793
80136794
80136796
80138030
80138504
80138672
80138915
80140490
80140617
80140939
80141033
80141259
80141270
80141782
80141960
80142550
80144146
80144355
80144408
80144442
80144770
80145087
80145143
80145240
80145361
80145515
80145516
80145604
80146284
80146601
80147919
80147920
80147923
80148927
80149094
80149141
80149395
80149594
80150014
80150167
80150314
80150507
80150604
80152118
80152217
80152350
80153226
80153271
80153778
80154508
80154610
80154638
80154689
80155771
80155793
80155933
80156318
80156387
80156688
80156950
80156992
80157073
80157137
80157177
80157207
80157244
80157275
80157276
80157297
80157392
80157645
80157752
80157796
80157864
80158044
80158168
80158319
80158515
80158516
80158649
80158801
80158803
80158817
80159732
80159897
80159899
80159925
80160037
80160183
80160516
80160597
80161105
80161335
80161444
80161497
80161700
80161702
80161848
80161851
80163048
80163266
80163277
80163279
80163293
80163294
80163369
80163430
80163530
80163890
80164216
80165099
80165295
80165487
80165493
80166467
80166472
80166481
80167821
80169786
80170186
80170368
80170381
80170611
80170687
80170688
80170845
80171004
80171099
80171362
80171561
80171696
80171965
80172031
80172145
80173174
80173481
80173623
80173711
80173770
80173773
80173925
80174145
80174280
80174282
80174285
80174364
80174429
80174441
80174479
80174617
80174805
80174902
80174917
80174918
80174974
80175275
80175277
80175290
80175348
80175350
80175351
80175619
80175685
80175722
80175802
80175822
80175934
80176076
80176179
80176219
80176265
80176771
80176819
80176840
80176842
80176866
80176872
80176878
80176929
80176931
80177342
80177346
80177416
80177684
80177803
80177986
80178207
80178276
80178344
80178404
80178427
80178543
80178564
80178836
80178897
80178941
80178943
80178971
80179138
80179394
80179556
80179762
80179782
80180171
80180182
80180373
80180544
80180600
80180601
80180619
80180711
80180849
80181555
80182553
80182623
80182950
80183186
80184067
80184358
80184379
80184405
80184569
80184682
80185048
80185065
80185145
80185178
80185266
80185427
80186393
80186459
80186460
80186475
80186622
80186848
80187052
80187223
80187302
80187722
80188423
80188953
80189024
80189155
80189183
80189208
80189209
80189221
80189451
80189522
80189619
80189791
80189829
80190009
80190021
80190086
80190097
80190279
80190518
80190931
80191000
80191036
80191074
80191075
80191239
80191369
80191522
80191680
80191975
80192098
80192577
80192842
80192950
80193475
80193978
80194033
80194061
80194063
80194184
80194197
80194228
80194240
80194320
80194335
80194558
80194704
80194813
80195173
80195198
80195377
80195378
80195522
80195801
80195828
80196931
80197526
80197680
80197699
80197912
80197931
80197979
80198288
80198350
80198459
80198505
80198511
80198545
80198635
80198794
80198850
80198914
80198933
80199013
80199051
80200027
80200596
80200614
80200942
80201004
80201328
80201680
80201862
80201866
80201868
80201870
80201933
80202146
80202376
80202454
80202539
80203206
80203249
80204260
80204451
80204885
80204927
80204929
80206395
80207046
80207486
80207879
80208052
80208115
80208213
80208337
80208373
80208986
80209096
80209379
80209553
80210736
80210887
80210995
80211136
80211384
80211576
80211634
80211884
80211991
80212245
80212251
80212301
80213536
80213655
80213803
80213847
80214013
80214115
80214405
80214523
80214552
80215154
80215507
80216094
80216124
80216146
80216621
80216651
80216752
80217151
80217475
80217848
80217889
80217957
80218200
80218634
80218962
80219180
80220035
80220145
80220650
80220692
80221207
80221272
80221279
80221778
80221787
80222025
80222044
80222217
80222538
80222788
80223138
80223556
80223989
80224294
80224358
80225020
80225696
80225783
80225915
80225949
80225953
80226279
80226612
80226864
80226927
80227186
80227478
80227516
80227995
80228129
80229034
80229190
80229216
80229286
80229417
80230018
80230402
80230621
80231523
80232149
80232294
80232295
80232400
80232700
80232810
80232852
80232914
80233104
80233223
80233274
80233275
80233441
80233447
80233453
80233664
80233715
80233842
80233855
80233859
80234004
80234794
80234795
80235135
80235141
80235325
80235857
80236359
80237224
80238352
80238353
80238544
80239459
80239640
80239864
80239931
80240143
80240261
80240262
80240277
80240397
80240662
80240691
80241102
80241103
80241561
80241689
80241763
80241824
80241877
80241947
80241960
80242916
80243473
80243488
80243582
80243728
80243787
80243899
80244246
80244539
80244601
80245059
80245299
80245450
80986797
80986845
80986993
80987753
80988191
80988239
80988807
80988815
80988931
80988966
80988994
80989055
80989084
80989161
80989176
80989192
80989475
80989848
80989867
80989891
80990581
80990935
80991107
80991329
80991879
80993613
80993625
80994108
80994754
80995044
80996626
80996957
80997085
80997338
80997339
80998058
80998331
80998407
80998939
80998941
80998943
80998959
80998960
80999059
81000207
81000509
81001058
81002281
81002336
81002951
81003648
81003997
81004113
81004162
81004164
81004280
81004957
81005091
81005504
81006356
81008283
81010662
81011059
81011159
81011508
81011682
81012978
81013148
81014625
81014811
81015994
81016857
81017545
81019520
81019894
81020545
81020868
81021294
81023011
81023023
81023659
81023671
81023728
81025126
81025156
81025195
81025391
81025800
81026192
81026363
81026453
81026475
81026477
81026478
81026986
81027106
81028939
81029611
81029634
81029774
81029884
81029905
81030392
81031355
81032659
81032669
81032812
81032866
81032867
81033895
81038583
81039045
81039096
81040405
81042804
81042978
81050519