

80238204
70290905
70216819
80143556
80160759
80089199
80073414
80107084
80190840
80082749
60020626
80013977
80123743
80994442
80106140
80164032
80057366
80202808
80158854
70155113
80042368
80007406
80223123
80156932
81012857
80033868
80115133
80227118
80176698
80057750
70229045
81000864
60022998
80115152
80144311
80105514
215309
215318
80152091
70233894
80224536
80080092
80183329
80038420
80161108
70099787
22494780
70021640
70251282
80144145
80141959
80220761
60033322
81008536
60027936
60002703
70057253
80097687
70261058
70128217
80993495
80167699
80202810
80168189
80231064
70007787
80101493
80186940
80244709
80213403
80105356
80191512
70266673
81036539
80085552
80038361
60033294
80190844
80081155
80113589
80173234
80096984
80143794
80991258
80991257
80991256
80991259
81003741
70042522
70082696
80119126
60000861
80163427
80106782
80075914
80150002
60010082
81029844
80998427
81039381
80188120
80230507
60027583
70111324
81004470
80239629
80046779
70307997
80190148
60031747
261909
80206300
80135149
80043049
80238079
80109260
80082660
80158148
80065214
80208830
80156683
70018726
80071215
80092885
80117799
80237300
80094521
70202138
80169549
80148213
60021758
80104420
80076240
80104182
80156689
80104330
81032871
80234464
80097321
21302357
80154688
80023638
80108518
80038296
70290568
80134516
80134437
80134606
80145699
80104648
81044299
80106789
80231066
268776
60020749
70084794
60030105
80029824
80164456
80148595
80099204
80174219
80214772
80097468
80134952
80999643
80114112
80200267
60022255
80134515
80064273
80154500
80103311
80103282
80182274
60033304
80192815
80031038
60030024
80191511
81009567
81009566
81006533
70002159
80203522
80997857
81016193
70219525
80076413
80144803
80244455
80081793
70299904
81002685
60027942
70020939
80061160
80171405
80044545
80208104
80192095
80141787
70060010
80211622
80141928
80132127
80185032
70166234
80123548
80993489
80126016
80204923
70114977
80134521
80164392
80238360
70276715
80038199
80132964
80108609
80134603
80135359
80243541
21303955
80232852
1181532
70041959
80075560
70000266
80004478
80133549
70245034
80182411
70000782
80227115
80196789
308880
80000643
80050064
80995577
80995575
80995576
80241779
80174727
60022056
80178687
80104041
80988062
80049128
80184868
80128691
80184770
70267802
80115466
80217733
80170862
80167646
70285697
70119811
80194737
70304252
80169943
70275600
80117746
80097530
80106124
70295560
80090672
81018536
80102306
80147339
80019503
80167644
80134526
80080106
70275753
80106137
80131563
70095265
70295411
80210716
80131414
80160357
80142103
80176322
70101375
328438
70105373
80185166
80097355
80128245
80215086
81030201
330210
80017033
80134827
80119234
80106783
80992995
70119953
70082341
80039399
80191356
80191358
80191357
81029848
80149064
80098077
80997866
80113784
80173267
70098606
80115531
70105602
80097003
80152442
70299745
80222787
80126485
70112368
342807
342807
343044
80149575
80198478
70291115
80177400
80232891
80164864
70038130
81005312
80161216
80058700
352989
80147760
80223149
70033643
70033644
80142316
80218111
80061161
80144804
81005561
80108371
80134601
80170612
70119196
80158395
80142015
80157133
70175127
60021904
70184053
70021648
80168188
80147403
80094453
80060060
80073486
80003481
80004534
70254350
80201449
70044903
80221646
374329
7774426
80142483
374651
80188580
80059440
80171982
80196216
80029368
80133553
80167498
80044731
80205204
80199682
80177441
80224054
80134517
80070182
80119917
80116761
80203094
80179373
80194671
80096955
81041515
70082268
80134431
80226951
70019004
70260512
80232894
80097725
80117534
80180509
80163974
70276021
81009565
80152625
81008236
80184974
70234519
80091246
70185071
70213465
80093106
80988793
80175405
80049873
80144890
80097423
70153714
80033772
80187435
70167068
80104983
70306646
80168161
80117453
81015153
80039717
80126449
80142027
81020692
80213654
60027689
80142140
80098306
80117461
80244472
80106786
80166185
80045820
70152645
80223685
80095806
80213024
80232330
80231601
80160815
60001104
80108759
80045932
80184569
80119177
70115619
80038298
80134500
70117302
80158042
80189623
80122759
80214584
80159699
80134518
80049210
80151483
80103430
80062047
80108984
70152959
80134330
80044804
80158802
80052683
80195838
80191804
80219802
80216677
80220000
70264803
80103425
80204616
80157564
80115686
80165850
80221317
80192061
80117532
17671454
80091866
80049903
80191359
80142476
80117781
80039484
80210182
80115857
80117694
80141891
80134807
70293461
80115031
80167626
80106141
80063265
80108237
81044857
81044856
452508
80017265
80153131
80141261
80178726
80108235
80997858
80143556
60020009
80058396
80026431
80039394
80217136
80191081
70241791
70259783
80197427
80068117
60028928
80183897
70251816
80115118
80192186
80114155
60027716
80126994
70299286
80162333
70287957
80124489
70059700
80232501
80104316
20159955
80134093
80227113
80178974
80193423
80230423
80192924
80160972
70225205
70021651
60034553
80230465
80230555
80144691
80144400
70275589
80190879
80198055
80192627
80210691
20764666
80217772
80097143
80148920
80134605
80239565
70273614
80144144
80124490
80202713
80132413
80160362
60001205
70136810
70276268
70032591
80028483
70230088
70307662
70117698
80236421
80183094
80106307
80038353
80038354
80038439
80028732
81025946
80196589
80127518
70109428
80177300
80106781
70275283
80139507
70047104
493387
80217689
70263863
80213886
80185070
80104066
70298734
60025338
80099305
80159038
80128689
80222256
80216844
499456
80082739
80118841
70303425
80217039
80039530
70295741
70268209
80135096
80092839
80092835
80227209
80190843
80119815
80117458
80067522
80152842
80196139
80099083
80173487
80081955
60001377
80234491
80106785
80125496
70045282
80997870
80999107
81037898
70180017
80233511
70178624
80127764
80058979
80115102
80191930
80159955
80168198
80161120
80227672
80244782
80223050
70185045
520489
80147971
80194946
80085439
70251691
80159028
60029201
81001412
80018252
80065220
80038962
70234672
80117485
70043945
80095718
70261978
70155617
528677
80102579
70204980
80223731
80168234
80196217
80097349
80112415
80167461
81035279
80038440
80117628
80170187
80124680
80196586
70086000
80073867
80169617
1178866
70170277
60021787
80149259
70291121
80136548
1180113
80227116
80127519
80172937
70287758
80128722
70120142
80114666
539433
80103312
80118280
541027
80116110
70101700
80122177
70234896
70228173
60000428
80081987
80175051
70140917
80082947
80180376
80198623
80988262
80016412
80205563
70065115
70305893
17405997
70305801
80157150
553500
80163263
70264616
70274597
80020542
60031247
81031181
70295915
70274337
80145304
80117321
80208908
80140955
80158875
80097221
80148180
80128657
70125231
70267242
80177834
81042476
80199806
80037067
70180051
567905
80227119
80202605
70259680
70129415
80079265
80151962
80106793
70113002
70167070
70263864
80233611
70241956
60001822
80059410
70243161
80143362
80017528
80158270
80213657
80195429
70142918
80105342
80095094
70153553
80134781
70236582
80064515
80134604
80038355
80038441
80048218
80058460
80109145
80011026
70171946
80206907
80115532
80106306
60034549
80108376
80128686
80158771
80039485
80093105
80192445
70303427
80153897
80134682
80156690
80106507
80106790
70019506
80106791
70128979
80134524
80157072
80104552
80242446
70045854
80096585
80109193
80162993
80097438
80089198
80190924
70184050
70142824
70229218
80170483
80004447
80119140
80208468
70043240
80092404
70056431
80038162
70101346
70098895
80160935
80200744
70143824
80167481
80195654
80075563
81020005
70109893
60035964
80231602
80105380
80182655
80036655
80117742
80202176
70105601
80091879
80159025
80167459
80161640
80175421
80154179
80094648
80141628
80147988
81042346
80100937
80210161
80226021
70111463
70127590
80160503
80118930
80050006
70286355
80134602
80195049
80099016
80168079
70038134
80150246
80003479
60026150
70254521
80106787
80106966
80213658
70302480
80239666
80103376
81036532
70301279
70251895
80183080
80017529
624420
80132979
80107035
70131314
80160814
80134433
80061314
80171022
70060919
80107552
70043379
70268489
80187030
80179905
80120204
80073574
70142542
80178078
80106041
80107087
80149139
80066073
80127501
80232892
80048977
80134721
80076698
70286352
70080038
70111470
70243360
80184625
80182656
70129078
80227117
80190838
80031632
80092850
80164904
80011846
80117533
70089214
80206847
70085612
80208083
80158919
80104130
80194126
80990658
80216161
80094058
70021659
80079253
80235268
80158670
80097431
80106040
80038335
80134966
80107030
80064521
80163156
60024976
21028726
80190146
80123741
80209608
70044256
80117811
70113636
70237054
70301469
80002621
80106979
80214743
80134967
80076467
80134826
80117454
80185321
80215419
80117443
80225421
80238110
80058424
81032872
80119235
27904586
80169348
80173002
80117940
80208273
80158871
660954
70140922
70136038
70033611
80127559
663590
80157083
70236020
60002093
70254346
80233218
80106780
80134436
80233478
80134968
80216224
70106080
70056663
80217826
80227114
80108614
80223470
80066798
70211216
70270773
70140322
80106743
80158976
70052286
60031236
60032563
80107808
70302835
60020865
80127990
70120086
80127546
80091682
70021664
80190463
81032868
80158844
80178720
80106784
80119190
80134514
80134398
80216834
60031923
70055248
70297461
70075480
70126574
80101096
81021082
80134520
80216664
80184131
80152155
81020668
80991026
80238434
80160730
80106947
80134522
680020
80219143
80062034
80142223
60020906
683101
80107219
80164779
81036535
70157103
80159881
80094727
70043301
80202273
80087933
80121855
80098859
81020716
80114719
70020730
80241876
80208211
80176715
60021025
80173271
70144556
80192171
70059191
80065492
81002885
80141858
80165221
80191509
70275715
70275716
80066799
80191354
70295415
80158920
80164075
81001809
80135075
80119187
80183878
70299811
80222248
70131764
70209633
11546798
80157732
80174897
701346
70221438
70142827
80134600
80135353
81032873
81030789
80116008
80107736
80997864
80139506
70044593
80166319
80057578
70254353
80995077
80106504
80079082
80078599
80113787
80097363
80144280
80241179
80224150
80106505
70259795
80182115
80205085
70021637
70126809
70014531
80094357
70199724
80082203
80121844
80057401
80103623
80169548
80168028
80091803
80244848
80161109
70129452
80114111
80057969
60031262
80082014
80997397
80120934
70026792
80227304
70301625
81032870
80108613
70282132
80997789
80117484
80107577
80993684
80158750
80204433
80107037
80191496
80127502
80106928
80991033
80135138
80185322
80135074
70241596
80149145
80997793
80150502
80123910
70021636
70099116
70216224
80197301
80229953
70293703
80161232
80190510
70228101
80238655
80151607
80997867
60024936
80244272
80104980
70249090
80244547
80060284
80242081
80104067
80101299
80084348
70120182
80060297
80209866
80189955
80992365
80045783
81039383
80226797
80177405
80083594
80018695
80133663
80237868
80160347
80077067
80134779
80159668
81032849
80117263
80039662
80002311
80015785
80059331
80075476
80076159
80065830
70033005
80109341
70157347
70285683
80106764
81030893
80108234
80097361
70057994
80179433
80134887
70001958
80092799
80005321
80115355
70120612
81020612
80157565
80119194
70217910
80174436
17687517
80077402
81016196
80155475
80174434
70044892
80151370
80049871
80186862
80105067
759396
80133550
80039655
80108149
70100084
70018292
80159882
80114460
80191746
70215452
70099609
80104127
81036533
80205978
70167128
80079428
70308278
80175483
70296733
80239503
80176716
80201175
60031284
80109084
80092781
70291094
70301472
70044595
80173001
70021634
70102569
771476
699257
80031790
772556
80080145
70251218
80159586
80082242
80105934
80222042
80132961
80173606
80177339
80993105
60022992
778600
80098284
80182473
70293097
80997862
80098709
80134420
80175694
70018445
70260514
60020549
20559714
70099790
70077076
80198056
80119233
80049951
1154359
80092849
786137
80171247
81018563
80073100
80107372
80012535
81018565
80191510
81009564
80011848
80224106
60027334
80148275
60031232
80177776
80142058
80135296
70126488
80079470
80189630
80164143
80059342
80217040
80088910
80114915
80119192
80117452
80119191
80134525
60020785
80172958
80097466
80988892
80173605
70135743
70104311
80148162
80157869
70295182
80165917
80154783
80134501
80163154
80241666
70295061
80168227
80144455
80134780
70202593
80196138
60021785
60036227
80115621
81004099
80186829
80991267
80092412
80092540
80097073
80991269
80991270
80991271
80991272
80991273
80138615
70243464
80136332
70297799
70298926
80106042
81031037
81031038
80114419
80162197
80156937
70258366
80168221
80091936
80170525
80138584
70083535
81001000
80997865
80127645
80156935
70184051
70271599
80142615
81042408
80118101
80117291
80075824
80198661
80114501
80071048
80986885
80202236
70111922
80038443
70113004
80148346
80134432
70127228
80011852
80098288
80085566
70296523
80190841
80102080
80075019
80996343
80104068
80127521
81010212
80119349
80190859
80168167
80152434
70044882
80160033
70077546
80006232
80000139
80991025
80175147
81016191
70039405
60023638
80997859
80093103
80158577
81011955
80094726
80242378
70217914
60036691
81005453
80164398
80225526
81020839
80117456
18171082
60001044
80134399
80177406
80082862
70109689
80021687
80245626
80031800
80023921
70129396
80231065
80078691
80083977
80103313
80217495
80245357
80999945
80032640
70028891
81020577
70243461
80164393
80107737
80157797
80133153
80100054
80049194
80144448
858023
70178616
70244166
80037476
70303496
80109426
860591
70229498
70135647
80235854
80236224
80038360
81046846
80191361
80091264
80094198
80088367
80166189
80223052
80173395
80048421
80036747
80217545
80224167
80088507
70221570
70221571
70221569
70242898
70242897
70242900
70242899
80142521
80131180
60027945
80092797
80058247
80106788
80079360
70032594
81042385
70126979
60033327
80997863
81018634
80242926
80005444
80214406
70273235
80168222
80191362
80085020
18170356
80226424
81020161
60031683
60034557
80189954
80189866
80989043
80092857
70265234
80151644
70202053
80165854
80083589
81016192
80032081
80092796
80106180
80102952
70123124
80149821
81042458
80164207
80147318
80164778
80214464
80045805
60029369
80104240
81018377
80015210
80013282
80209895
24081514
80115687
70047320
80176342
70275088
80145085
80136440
80218656
80169760
80094358
80125979
80064459
80038525
80038526
80038444
80134419
80167843
80177782
70269489
80125668
60024908
70167073
80164141
80206758
80176064
80160127
80115673
80155790
70261178
70087539
80191048
80191051
80191044
80191047
70121711
80244019
80173625
70129360
80038442
80184055
80093127
60000435
70130432
70155788
81000511
80192834
70301620
907090
80189653
70272268
80039517
70020959
70295666
80222177
80106138
70243449
80105672
70121008
80245268
70046290
17017738
60030999
80160358
80103428
80191665
80128715
80108239
80046727
80240715
80134438
80134435
80175279
80991827
80244900
81018183
81000862
80185223
80171733
80147908
80192015
1145882
80142477
81040952
80063655
80187306
80189806
80115464
70280748
70254343
80125627
70044381
80184834
80144152
60029196
80135137
81021831
80988832
80134519
80201500
70202134
80161029
80152741
80160346
80124313
80027564
70290909
70213065
80132738
80119188
80118916
80098810
80126569
80113848
81020508
80006168
80202903
80133554
70040917
80026887
80160131
80127558
70119356
70139391
60000870
60020813
60031248
60036359
80158247
70256275
81030200
80149593
80217041
70126573
80218104
70205125
80205234
70063484
81034612
80003150
80003151
80091070
80003152
80012477
80003153
70296578
70296574
70296573
70309257
80012520
80121386
80161921
81020635
80174367
70228040
80021840
80134434
80062064
80106230
80184100
81030197
70199239
80189646
950149
80183199
81006261
70241756
70131315
70301476
70260515
80165855
70033579
70002007
80011866
80044201
80188300
80105462
80092782
80188471
80023078
60034929
80095755
80117684
70110558
80103734
80241061
80188660
81028556
81028574
81028560
70290567
80168033
60034572
70117295
70047102
80134888
80093126
80041653
80239639
14546747
80104318
80128690
80108232
80176323
81032874
60029678
80168029
80097472
80191508
80160081
60036235
80164212
80182919
80128688
80121843
80059432
80046762
80082596
70241758
80064514
70286328
70132721
70251689
80245041
60010910
80132381
80228322
80078707
81023713
70143844
81019031
80029708
70141646
80093212
80156943
70273637
80048940
80098200
80170277
80099304
80192097
80117736
70011204
70112499
70257860
70286335
80232329
60021779
60020916
60023618
60029178
80093213
81016194
70142891
70102779
80053561
70028894
80226234
70093991
80158485
80015154
70273870
70243590
80186850
1001192
70257818
80108338
80007215
80173479
70044603
1005494
70287605
80102580
70090336
80135585
80118918
80168230
80147513
80109551
80157735
80106139
80106989
80157736
80226962
80131280
80105302
80092884
80098305
80184135
70078063
80999067
80999063
70058023
80169699
60000482
80220758
80134814
70304187
70304191
80191294
70100527
70077514
81020543
81020544
80075916
80130991
70087087
80117747
80100936
80117831
80093198
80087743
70176968
81021832
80217569
18907685
81026251
80142000
80113673
80044093
60026139
81036338
80106440
80005628
80064296
80135563
80164930
80993650
80014962
80104237
80102305
80039644
80094333
70144560
80103512
80080617
80124722
80167648
70244168
80092409
80107370
22589663
80226370
80117455
80119193
80108612
80101317
80028208
80151384
80103424
80171528
80991809
80203147
80144141
80160994
80171659
81032830
80233962
70143803
80214478
80208684
80190990
80199962
80187307
80077923
80102204
80062698
80093107
60002728
80103666
70202145
80133551
80209006
70304188
70304186
80081410
70304189
70143440
80113959
60021234
80146759
70297823
70299855
70259208
80058654
80125512
80217857
80134969
80239932
80988835
70296748
80036190
80191360
80185876
80045667
80091658
80173921
70129463
80119189
80039303
60022980
80208212
70099113
70202142
70206632
70115878
70113010
80047635
80156769
80992039
80066806
80127886
80118002
70285730
80156767
70044590
80038288
80081374
80171742
80167460
80216662
1078321
80096786
80179288
80119186
80106735
70139387
80168300
80182949
80993655
70124804
80084836
80195243
80162246
80109295
80081960
80115327
80127515
70097585
80997770
70254325
80182123
80149282
80133552
80995991
80009431
80038527
80038445
80176212
81042230
80200015
70021655
80067437
80126989
80068327
70230639
80232989
70141653
70099111
81006594
17672132
81020728
80108337
80057301
80103426
80184661
70270408
80217135
80168301
80171705
81012295
80183328
80188662
80096722
80061797
60031216
80123742
60021299
80117800
70308063
80174177
80217120
80113669
70044370
80244708
80145086
60000226
80127516
80097475
80117531
60034587
80098467
80101827
80176176
80173269
70013050
80196135
80134527
60020812
80191004
80031666
80171120
80169554
80169554
80226338
70298249
80108386
80057691
80027041
60023619
70023960
80124486
70125935
60021903
80157132
80211371
70174314
70308135
70114043
80111275
81024728
81020576
81002594
81002596
81002597
80237975
80238351
80998966
80223582
80223734
70215461
60003970
80218432
80206057
80085300
80155477
60033302
80025170
80031644
80109038
80152742
80997861
80084506
80041089
80157717
80987906
80222440
80217769
80126991
70001564
80201615
80008652
80234248
70099118
80020759
70306702
80201817
80134523
70286809
80203785
81024705
80239831
80093104
70185141
70146846
80993648
70125932
80010524
80991400
80211627
70137753
80126024
80097140
80192098
80025172
80135414
80202133
80211634
80197526
80117498
80199689
80117038
80205595
80180171
70140425
70262639
80058397
70230640
880640
80189221
80104198
80057281
70136152
80014749
70143836
80204451
80074249
80118100
70218617
70108779
70056430
0
80990464
70157548
80987611
70153392
80188969
80125725
80125782
80164971
506538
21236200
80136925
80018346
80173542
80140364
80144358
60023616
60020620
80154402
80223995
60021585
70068649
70298414
80022607
80017021
80058723
60025659
80144310
70288423
80201824
80223226
80127517
80062026
81010778
70205136
80185375
70107499
80100109
80994416
70123117
80201623
20254278
81035105
70100644
70004265
70170182
80157084
80202086
70002299
80182649
81047445
80150390
70261674
70124651
70215428
70158421
80190283
80231410
80203919
81052265
70259002
221126
70019628
70020937
80123740
80202088
80233299
80191555
70123116
80203782
70021551
80243408
80124724
80192136
80203742
80182650
80158543
70307594
70023426
80108445
70288490
80117944
80190149
80147401
80221850
80187301
80112565
80175829
80108595
80222099
80159877
80074163
70109894
70187710
80097603
80182951
81000861
80127991
80105677
80058485
80096782
70041773
80163193
70021631
80158390
70098297
70266995
80158376
81002313
80170943
80197480
70011216
80195886
20258084
80182447
80130528
60000208
80081274
80118487
80190101
80201829
80234200
80071318
80205087
80177302
70055855
80176532
70084229
80182651
80107735
60024022
80113667
80191988
70154942
80165083
81016326
70139073
80198592
80109489
70294757
80206884
81018239
81024731
80074824
80117445
70250212
70250213
80159880
80100944
70059993
70178256
60020720
80194394
80022613
80130524
80233025
80184376
81013509
70290904
80994443
70077718
80211134
80203996
80203998
80203997
80205231
80204117
80204119
80204118
70131172
70012593
80115928
80990126
80157113
60022314
80236167
80134109
80999981
80194091
60023074
80188902
70308046
80100906
80112360
80201626
60034483
80085017
70248258
80175151
80158388
60021636
80007777
81000011
81016044
80195433
70087585
81003984
80080159
80049177
70233166
284890
16914787
81024712
80232404
70204288
80108983
80135631
80135586
60020862
70166139
80195273
81033201
80148178
80002667
80017262
70154622
80121973
80203778
28363298
80098475
60023679
80141982
70285674
80147321
60003598
70303290
80131435
70118227
70034607
80150642
80172938
80189853
81005454
80017279
80225834
80234204
70082633
80234205
70099129
80203781
80141254
80141781
80015280
80141253
70184127
80195274
80190130
70072636
80185305
70155536
60024962
81045989
81045990
70059483
80108207
70043231
80234206
70115621
80239442
81002212
80222896
80165848
70129542
80191963
70053833
312525
80241966
80114007
60021911
70204957
80057884
80145533
80148070
80123744
80175623
80097604
60000701
70075775
80190585
80126507
70211475
80128277
27828200
81028348
60036746
80230623
60010171
80081276
70295762
70309241
80085521
80174097
80071346
70018658
80147934
80192327
70053834
70305197
80220783
80217333
80144276
70053832
80179907
80103579
80226233
80126670
60029558
70068739
60020762
80165849
80108610
80164145
338384
80190180
70213473
80082210
80232149
80048561
80174220
80103336
80079473
81016323
80202089
80103375
80233088
80195653
80182950
80099584
60020719
80994575
80136417
80013547
80227777
70153691
80124725
80192065
60029461
80019069
80137087
80088982
60021241
80039595
80158389
81024726
80238299
80994418
70216830
60036112
80096726
70123120
81037986
70058009
80226357
70275774
80215782
80149823
60029770
60030293
80227028
80128338
80166509
80994424
80106144
80147811
70139072
60029988
80139214
80084756
80200768
80112891
70007667
80097814
80039422
70052249
81045085
80174205
80192548
80098473
60026106
80155812
80107077
80207371
80155909
80043047
80185369
70271601
70248183
70273612
80081152
80239797
80240024
80240213
80239865
80017442
80106150
80215500
70276015
80192135
80002999
60034537
80201610
80201820
70180045
80988897
80116206
80068219
60011064
80142023
80084666
70000357
81009818
80107656
60036613
70181650
60020073
80103210
81002601
80133315
70118801
80164752
80103478
60031713
70121092
70301619
70057980
70055673
80175914
80126995
401950
80187019
70135643
60026133
70028016
80196044
80083643
60022993
70117040
80157075
80087627
70146900
80184662
80209836
70035014
80044126
81018141
80201612
70122120
80994423
80041337
70275751
80201813
81004459
70221084
70111466
70266069
80044266
70202558
80124726
80218586
70184052
70051245
80203789
70189475
70041161
80135837
80126664
80126565
80126543
425166
80170870
70112370
426229
81018003
70296439
80182338
80114500
80095870
80195740
80198585
80125729
80196379
24003701
80236278
70075478
80198011
70113306
80105472
60022335
70299902
70274336
80196448
80115017
80201619
80127440
60022336
80115101
70113305
80106038
70117122
70084775
70094924
70114588
80180080
70079026
60033223
70032123
80032472
80118732
80171452
80049285
80214581
70185139
81004932
81030198
80174962
80103372
80117714
70230138
60004069
70101197
80005325
70279935
80065909
80990221
60001454
70023508
80027824
70295183
80178882
60037500
81016330
80108570
81050192
80108430
80015346
60036617
80201490
70040999
81024703
80107575
70303288
70018000
80133284
81045065
80011612
80142450
80210147
81018233
80203792
60020610
80201814
80156941
70181653
80990725
80183198
80158482
80111425
81016318
80106145
70241755
70291093
80190449
80133139
70113078
80138681
80049095
80235999
480318
80206908
80244485
80116309
80244992
80213341
70259774
70284442
70284439
70284440
70284441
70284443
70284444
70284445
70284446
70286212
70287001
80114498
81017228
80224476
70104637
80113129
80133190
80133283
60022337
487058
80214580
80164077
70300241
80223136
70119410
70056416
70293662
80004762
80198142
80202087
80002857
70270978
80084454
80197682
70109889
70235172
81024716
70111162
80244363
11819434
80080768
70224969
80162210
80125981
80192137
70276712
80131194
70041197
80216315
81016322
80106985
80205088
80018215
70108579
70011067
80100771
70242327
70147373
80048200
80205442
60003290
28368939
70089216
80190021
11519851
80176707
80114377
70299749
80185765
80198493
80190025
80125565
80017168
81017230
70098886
60003633
60022055
80085438
80082187
80142474
81021945
70143743
80128124
70270273
81025884
60020915
80097516
70074586
526264
70139385
70245012
70228176
80082657
70305907
80057278
80058851
70138871
81016317
80017111
80074111
80989051
80225232
80994130
81016328
81016327
70035037
80103673
80203788
80180851
80991773
70216230
70219528
80184972
80002073
80245706
80091219
70289325
80002074
81016337
81045515
81045517
80105068
70138618
70132756
80998965
80186462
70116686
60025552
70307663
80176319
70296765
80232279
80145625
80170875
81018234
80165851
70111280
70215437
80193614
80119375
70065112
80104103
70056447
80191344
60000575
60003221
80201825
80224540
70294790
70241088
80227959
11580331
80133543
60004240
80141788
80124947
80195836
80990815
70063017
70139074
80184422
80032474
80201604
81047898
80108975
70303432
80192420
81038832
70090001
80190012
60003401
570427
80204395
80190946
80224605
70045641
70012606
80191370
80032476
80167491
80201611
80195431
80095530
80234212
1020619
80078034
80021984
70127589
60004073
80147529
80130525
70021253
60010428
80163295
70068799
80080363
80185427
80156763
80012888
80990532
80127506
60000677
70041457
80084834
80094578
80107948
80171916
70229044
80191109
70138498
70303424
70254349
80185928
70229774
70170181
80243848
80998560
70111233
80119311
80094964
70082381
80014870
80221733
80142390
81002244
80999990
80999991
80999989
80990816
80187055
70041931
70180387
80121838
1179836
80095410
80134953
81019924
81003058
70266677
80074904
70094780
80233024
80190144
80115874
80108994
80186965
80158769
80170999
80108147
60029366
80202905
60035870
80074065
80171439
80206691
80218939
70141511
70049619
80177775
70307659
70254342
81027106
80195839
80015777
80007017
80236279
80211454
80058248
80158838
70139071
70138803
60003624
80130987
80201809
80996197
80189586
70278877
70103762
80116691
70251818
80103373
80140938
80097071
81036061
80136788
80189216
80156857
80157528
80111881
80113781
80161850
80073593
80097388
70001550
70060918
80225907
81033650
81025403
80014755
70025303
80106146
80178018
70044485
80156858
70018936
80097497
80108996
60000545
70305895
70114303
81009823
80173176
70048905
80235957
80113894
70000105
60020842
80136455
80201614
80223227
70103660
80223195
60010508
60010511
70136141
80198810
80157086
60032541
80105183
80106762
70259177
80098705
80098704
80141892
81002592
80164979
80028360
80091267
70042711
80142637
80117401
80164142
80191989
80098202
80989491
80989490
80032473
80084838
80213457
81034099
80990829
80158588
80185766
80994805
80095198
80145620
70292988
70261273
80169755
80989341
70090035
80102139
80182492
80116351
80989539
60026345
80115844
80989492
80989493
80227121
70242331
60023559
70219529
80171972
70157375
80989494
80228146
80996056
70281117
80222664
80098286
80226711
80151356
81024713
80999072
80236906
81018241
80098291
80162136
80101466
81016324
80133044
80112186
80156995
70169918
80031595
80171598
80238297
80998562
80227673
80198744
80203791
80211466
80211135
70229040
80235958
70117268
80187684
80238296
80191561
80185297
80131281
70109884
80131374
80082207
81015524
81014647
80134279
70286309
80234216
80198012
70105099
70083809
70250364
70053885
80067906
70243450
80994573
80201810
70202577
80013283
70210484
80214621
60035877
17969262
80229102
80122240
81024696
70303428
80158480
70056059
80235139
668288
80223317
70264802
80164088
80103392
80106747
70110894
80049273
22591450
70107530
80100261
70233895
80195637
80171133
80007015
80010414
70139383
80209535
80095871
80199128
80156137
80160391
70087160
80079229
70125882
70101039
80198912
81036745
80163407
80119102
70285854
81048548
80184154
80136795
60010559
80100053
80182483
80182596
80182482
80182597
80182621
80182480
80182622
80182481
80201606
80099365
81018240
80170301
80998563
70123121
1193180
80038961
60002111
70251799
70012334
70197328
80047124
80160504
80136787
80095365
80998985
70205672
70284279
70241607
80182603
80226168
60026206
70285947
81041182
22500062
70098896
80158481
80201608
80098047
684660
81021633
80232239
70140511
80025702
70285729
80115030
81020973
80014727
70245166
70276008
80154681
70204316
70116679
80136454
80144454
70234767
70140451
70157187
70124331
80200655
80998564
70266686
80013773
70114304
60033227
70228154
80226333
81038575
70271592
80162248
80063709
80126599
80169350
70207416
70129457
70071832
80156926
81024730
70121520
80184595
80097263
699938
80101970
80105690
81045765
80156110
80083330
70263817
70117225
80108447
80125726
80106036
70065119
80245190
80197953
80232964
70140407
70213215
70039225
80078037
80241537
80241616
80157566
60011224
80229852
80182704
80152182
80162192
80007259
70108180
80191219
70046213
80187772
60027248
80239631
60031259
80205314
712990
60021613
60004480
60004484
60004483
70038796
80106737
70125553
80190013
70283173
70234690
80182705
80989495
70266801
81033200
60001208
80105698
81013710
70217929
80130526
80111554
80106611
80112077
81016338
70087538
80104148
80986896
80233050
80126684
80112075
80990811
70303291
80066146
80993088
80184684
80111917
81037985
80028357
80157078
80148967
80099974
70057519
80171527
80192064
70121519
80149102
70040076
70278932
70050576
70229042
80016443
80994425
80221637
80234223
80203783
70021129
80184803
60029191
80009097
80046144
81002214
80100946
80120301
80232965
80232876
80182652
70114589
70000196
70042756
19207412
81018235
80058984
70290884
81035109
70050434
80192139
80234224
70092585
70254522
80088085
80191295
80198987
80245519
80015794
80239642
80108553
80187618
70084408
80158545
80218784
80218783
80124727
70205147
80113676
70273401
80160726
70304914
80169349
80131436
80200944
80227689
60000298
70205149
80232293
80108303
80108302
80108217
80108218
80217436
80239988
80224466
60037507
80039906
70234687
80234225
70001081
80993656
80201816
80183089
80188834
80131434
81018236
70129108
80201618
80994646
80183088
70003212
80988048
60024046
70136075
80209796
80075729
80224314
81025935
80998568
60029032
80014906
80117080
70102561
81045060
80166471
80245329
70309341
70128225
80165853
81004458
70275588
70118796
70157180
70184128
60004076
80166434
70279934
70091304
70126930
80234226
80145518
60033293
80176449
81011096
80998565
70146869
60028384
80233402
70299301
80216271
70020736
80117596
80113840
764604
70243017
80126214
80125395
80105358
80163368
765967
60023251
70064726
70281025
80220676
80104257
80072655
80142617
80085567
80027979
70118860
80017240
80236357
80237311
70118859
80236356
80236778
80236470
80062471
80988173
70266670
80201605
70256512
80021985
80118824
80169736
80089010
81024704
70042215
80182653
70213239
81026343
80189033
80104706
80195434
81029971
80130527
80204460
80060037
60036222
80092870
70229047
70013749
80156939
80127503
80165857
70106268
80201607
80201621
80127520
80039594
80191560
60011265
80223049
70229555
80195652
80111556
80131505
81035103
80195432
70098608
81002211
70067230
70132313
70213515
70118125
81019224
70215462
81030026
80162114
80176260
80025266
70090007
80206861
80014865
81033645
80116156
70154408
80991570
80999987
80195380
80106365
80128275
80157457
80998566
81011973
80190103
80168052
80220677
70062158
80117240
70026431
81024729
60001541
80192063
81057249
80106754
70291638
70129178
80998558
80032477
80037072
70293672
81024711
70297085
60010709
80148227
80198010
70044752
80130963
80141110
81062853
80020037
80206732
80039905
802695
70298201
70061282
80163405
70098899
70084792
70221672
70154957
80223230
70153680
80083127
70139076
80113783
80085019
80076161
80223728
80098842
80208084
80992231
80239864
80216269
80157567
70259170
80130523
80020935
81035104
80075227
80114788
81000015
80999982
80999983
80999984
80188354
80091410
80169778
70274810
70020790
80187188
80990810
81014988
80130522
80179244
80154294
80165732
81016045
80216270
81008272
80195807
80201823
80195639
70157308
80182216
80201060
80142222
80106438
80116920
80222823
80202532
80998567
70166105
80191559
80143796
80106763
80209120
80089684
80141185
80039439
70224476
70298918
70298919
80216281
70109758
81002215
70123126
80994419
70267241
80180651
80109488
70037497
81045052
80999986
80191556
80234232
80052790
80094725
80202078
60002808
80033866
70269516
70202137
80996199
80059049
80994426
81047446
70241754
80236574
80177808
70176967
80214582
80988257
80117619
80989498
80994574
80017301
80074515
70125939
70234512
81025908
80102950
70217140
80198013
80163366
70205162
80124096
80106984
70303495
70094793
80201812
80234233
60000722
80228321
70142798
81035108
70153765
80106364
858058
80999060
81030762
60032008
80185153
70303429
80238294
80011012
60032129
80225855
60004419
80235766
80235767
80235853
80236099
80156336
80070050
70209240
70291608
80084768
80201620
80092424
80989443
70208233
80219019
70298433
80187471
80144309
70213085
70213084
70213083
70213082
70213081
70213079
70213078
70213077
80092837
70213073
70213072
80201828
80198014
80174094
80118539
80201609
80201811
80198687
60010795
70157296
80174149
80158546
70134539
80213590
80141897
80201497
70128947
80986918
20257393
81016043
70256936
80234235
80989503
80209061
60037397
80032364
70299747
80094662
81052279
70044605
80234236
80198015
80156940
80156226
81003033
70281024
80156936
80127600
81022683
70295170
80995073
60020977
70267729
70096752
70229046
80131376
18962458
80223228
80138469
70114484
80187107
17457962
70303431
80201613
80200767
80238298
81014824
80122186
70198040
80116690
80186261
80109248
80108997
80108998
80186097
70298498
1191424
70140428
60010818
81018237
80082793
60029917
81024717
70056432
80163265
80998942
70171957
80226236
80126440
80132601
80126483
80127001
80182751
60023682
80057242
80064516
905456
80170259
80118718
80124728
80192062
70286698
80989468
80990814
80057400
80180847
80203784
80203786
60028308
80059047
70039231
70298452
80047684
80103201
81024500
80166308
60029995
80032097
80083753
70278876
80179387
80216268
70229043
80998958
70224480
70222228
70222229
70222227
80117233
81047900
60003540
80245518
70001082
80175333
70185034
80195381
70059988
70137744
80022395
80158770
80084767
80081617
80182105
70243574
80118179
70116577
80158479
80234238
80017038
80234239
80124890
80233188
60004393
70026468
81045512
81045513
80198914
81018238
80238291
80205313
70116578
80201819
80016471
80046145
80992500
80141338
80203787
80115858
70121660
80994420
80986955
81024701
80238400
80180449
70254351
80156684
70305973
60033351
80224088
80100845
81035107
80165481
70038251
70253160
80094183
80192138
80104111
80988154
80151355
70215459
80095314
70298996
943973
70142803
80245408
81016339
80108560
70079262
80999610
80013278
80081958
70170051
80200989
70275076
80016335
80125723
80202908
60035875
80202906
70244982
80084164
70065769
80100122
80171530
70286992
70132340
80023853
80039125
70099702
80191558
60003084
80202085
80140359
80156938
80201616
70215460
70118378
80226217
80163060
80207446
60020895
70121518
80238637
80188777
80992499
80207447
70243447
70067266
80165442
80189997
80238292
80244078
81012943
80119379
966131
80989496
80153272
80117526
80227819
80158547
70105366
70298393
70217385
80112409
81002864
70221486
81002866
80989473
80989474
80197519
81035616
70073700
80099089
80994807
80134513
81017229
80095873
80119516
80119378
80119345
80119436
80119346
80119376
80119377
80119526
80119525
80106162
80102617
70034610
80020885
80183197
80157134
18022077
80238293
70147381
70303706
81015100
80182654
70035015
80992111
70265771
80169494
80001086
80157972
70259466
14606062
70017761
70076484
80021849
80204739
70127998
80124506
70268449
80191371
80182955
80139728
70153301
80153203
70242966
80133327
80167667
80096630
80100407
80156859
60024037
80048481
80114700
60003974
80065128
80239738
25999349
80999985
80076581
80206827
80093836
80113144
80102916
80210681
70090014
80221242
80174512
80198001
80184568
80211787
80989513
80075009
80158839
81013200
70105236
80137806
80202909
80201617
80195271
80023851
80989337
80200679
81016321
81047899
81047901
81006598
80998940
80091572
70019491
80228923
80044564
80044687
80171424
81028345
80180071
80114989
70279440
70018715
60001670
80075876
70296343
70171835
80195638
70117294
80162994
70044894
80202090
81052277
60010972
80015283
70051249
80127504
80198423
70134669
80207448
70033285
70219484
80092423
70139078
70050440
70298491
60022416
80999068
60024028
70229041
80076213
70279201
80203790
80048671
70236586
70229048
70187503
70289304
70142357
80154884
80994421
70292836
80142529
60027016
80101609
70224481
1038510
80085416
1042189
80097606
60001068
80108573
80185345
80215322
80152802
80141767
81025404
81002213
81045509
81045510
70298389
81045530
80201815
80184208
70202128
80200913
80148210
80053476
70146881
80234243
80204405
81045511
80191990
80157714
80023687
80174093
80174355
70266169
70301023
80131375
80209042
70224751
80094385
80156337
80156538
80200946
80095224
80039379
81029570
80238190
70252898
70142888
80190195
70295176
70135621
80217544
60035641
70128549
70069233
70218312
70307648
80098490
80999061
80106435
80057509
80011025
20717860
80201827
70257618
80988221
70005124
80029943
80058476
80157390
80157488
80238295
80201622
80236280
80198016
80022611
80132626
80195272
80989549
70062903
80993685
70139542
70309191
80158391
80224161
80234244
81000000
80068016
80057068
80090724
80986933
80118978
80195379
80993106
80037675
80989579
80227798
80108451
80125727
80156560
80224463
80183063
60029203
80104993
80234245
80228282
80180224
70019052
60004485
80170280
70116702
70309457
70112721
80158226
81045054
18171608
80159566
80155792
80201822
80174384
80150181
70267399
70225597
80145512
80989596
70262862
80194387
80171289
80186095
80127441
80994572
80191557
81025088
80187467
80203780
80108974
80990813
70123119
70158228
70212574
70227904
70234688
70234689
70227912
80125724
80989613
60034861
70253238
80103492
80095069
70260523
60020675
80156856
70150437
80088983
80141337
80049952
70267587
80191885
80223190
70083109
70108590
81029926
80996349
80146805
80162131
80998837
70259258
80165856
80084667
70210431
80036822
60011553
81016342
70123118
80111845
80182666
80127442
70299275
80245121
80994804
70209174
70174741
80188348
80140362
80211540
80088321
80200499
80029622
80200611
80107826
80183166
80145520
70278880
70033317
80095875
80061228
80179245
70199739
80173524
80156369
60020624
70177033
70251669
80217312
80139562
70052464
80156386
80117824
70109683
80209485

0
80117824
70177057
0